0 [1.000770768850947991460 +/- 6.19e-22] + [0.000230882578640807056 +/- 6.23e-22]j 6.72282680783735e-05 0.16500293981921013 0.03934872013741633 0.2117491242427106 0.0004739514798742201 1.0864369817485796e-06 6.492569202103617e-06 1.9082067586840058e-20
1 [1.000770296182646242030 +/- 4.99e-22] + [0.000232066516042228930 +/- 5.89e-22]j 6.721962790370411e-05 0.16500285399050832 0.03934353093214413 0.211742845627068 0.00047389016702221234 1.0862956861041504e-06 6.491703432321111e-06 1.9089688524774524e-20
2 [1.000769821733997818983 +/- 5.14e-22] + [0.000233249391567006643 +/- 4.80e-22]j 6.721120534097108e-05 0.1650027670356001 0.03933834234578099 0.2117365667174842 0.00047382886117683343 1.086154403920309e-06 6.490837722981632e-06 1.90973112580665e-20
3 [1.000769345588906680081 +/- 7.94e-22] + [0.000234431157882554034 +/- 6.33e-22]j 6.720301049335458e-05 0.16500267897014015 0.03933315437832514 0.211730287608995 0.0004737675623381687 1.0860131352018454e-06 6.4899720747219065e-06 1.9104935767683774e-20
4 [1.000768867830391583633 +/- 5.14e-22] + [0.000235611769790750864 +/- 8.87e-22]j 6.719505121056699e-05 0.165002589809982 0.03932796702977886 0.2117240083938222 0.0004737062705063517 1.0858718799604013e-06 6.489106488185846e-06 1.9112562014863494e-20
5 [1.000768388539802309154 +/- 7.97e-22] + [0.000236791184637269041 +/- 7.08e-22]j 6.71873330046903e-05 0.16500249957091406 0.039322780300148526 0.2117177291603692 0.0004736449856815641 1.0857306382142e-06 6.488240964014052e-06 1.912019001991326e-20
6 [1.000767907796051989922 +/- 8.46e-22] + [0.000237969362696426772 +/- 9.64e-22]j 6.71798589891383e-05 0.1650024082684181 0.03931759418944457 0.21171144999227912 0.0004735837078640356 1.0855894099877241e-06 6.487375502834234e-06 1.9127819753811814e-20
7 [1.000767425674872950522 +/- 8.65e-22] + [0.000239146267527864440 +/- 6.51e-22]j 6.717262984107849e-05 0.1650023159174473 0.0393124086976814 0.2117051709675575 0.0004735224370540429 1.0854481953113448e-06 6.486510105252409e-06 1.9135451167769235e-20
8 [1.000766942248103216057 +/- 5.08e-22] + [0.000240321866301607379 +/- 6.34e-22]j 6.716564378721794e-05 0.16500222253223112 0.03930722382487732 0.21169889215777446 0.00047346117325190875 1.0853069942209178e-06 6.485644771845203e-06 1.9143084232611873e-20
9 [1.000766457583010564358 +/- 8.89e-22] + [0.000241496130088385205 +/- 8.69e-22]j 6.715889661267158e-05 0.16500212812610512 0.0393020395710544 0.21169261362734784 0.0004733999164580002 1.0851658067573479e-06 6.484779503153127e-06 1.915071901751987e-20
10 [1.000765971741660630942 +/- 4.74e-22] + [0.000242669034112411980 +/- 7.75e-22]j 6.715238169306018e-05 0.1650020327113643 0.03929685593623829 0.21168633543291251 0.0004733386666727268 1.085024632966133e-06 6.483914299674829e-06 1.9158355453685908e-20
11 [1.000765484780335152203 +/- 7.60e-22] + [0.000243840557964193027 +/- 6.47e-22]j 6.714609005105405e-05 0.16500193629912252 0.03929167292045802 0.21168005762276298 0.000473277423896538 1.0848834728968937e-06 6.483049161861569e-06 1.916599352141069e-20
12 [1.000764996749005949493 +/- 8.83e-22] + [0.000245010685771309176 +/- 8.50e-22]j 6.7140010439318e-05 0.16500183889919826 0.03928649052374582 0.21167378023639677 0.000473216188129921 1.0847423266028969e-06 6.48218409011275e-06 1.9173633250060192e-20
13 [1.000764507690869719885 +/- 8.37e-22] + [0.000246179406325533971 +/- 5.89e-22]j 6.713412945079939e-05 0.16500174052002084 0.03928130874613679 0.21166750330415784 0.0004731549593733969 1.0846011941405764e-06 6.481319084772272e-06 1.9181274599938513e-20
14 [1.000764017641948113853 +/- 8.69e-22] + [0.000247346713165059876 +/- 8.96e-22]j 6.712843165469624e-05 0.16500164116855823 0.03927612758766871 0.21166122684698227 0.00047309373762751853 1.0844600755690582e-06 6.480454146125738e-06 1.918891759023485e-20
15 [1.000763526630756951312 +/- 7.63e-22] + [0.000248512604611041881 +/- 8.09e-22]j 6.712289975439456e-05 0.16500154085026714 0.03927094704838168 0.21165495087624644 0.00047303252289286607 1.084318970949691e-06 6.4795892743985566e-06 1.9196562190761615e-20
16 [1.000763034678047761630 +/- 9.79e-22] + [0.000249677083758106855 +/- 4.94e-22]j 6.711751476361142e-05 0.16500143956906682 0.03926576712831783 0.2116486753937174 0.0004729713151700437 1.084177880345585e-06 6.478724469754975e-06 1.920420844985881e-20
17 [1.000762541796624136728 +/- 5.41e-22] + [0.000250840158418920311 +/- 9.81e-22]j 6.711225619811768e-05 0.16500133732733688 0.039260587827520975 0.2116424003916046 0.0004729101144596756 1.08403680382116e-06 6.477859732298072e-06 1.9211856336974125e-20
18 [1.000762047991234665826 +/- 9.74e-22] + [0.000252001841023344748 +/- 5.27e-22]j 6.710710228132319e-05 0.1650012341259419 0.039255409146036306 0.21163612585271588 0.0004728489207624021 1.0838957414417006e-06 6.476995062070821e-06 1.9219505850888436e-20
19 [1.000761553258543482946 +/- 5.25e-22] + [0.000253162148473160983 +/- 5.21e-22]j 6.710203016221495e-05 0.1650011299642848 0.03925023108390999 0.21162985175071808 0.000472787734078875 1.083754693272928e-06 6.476130459058288e-06 1.922715702953041e-20
20 [1.000761057587178710746 +/- 6.21e-22] + [0.000254321101953751893 +/- 5.80e-22]j 6.70970161439154e-05 0.16500102484039006 0.039245053641188826 0.211623578050502 0.0004727265544097538 1.0836136593805736e-06 6.4752659231910125e-06 1.923480985163822e-20
21 [1.000760560957858334140 +/- 9.19e-22] + [0.000255478726704562409 +/- 6.86e-22]j 6.709203592081226e-05 0.1650009187510211 0.03923987681791989 0.21161730470865348 0.00047266538175570104 1.0834726398299606e-06 6.474401454349753e-06 1.924246433510512e-20
22 [1.000760063343592291412 +/- 7.12e-22] + [0.000256635051750546639 +/- 5.48e-22]j 6.70870648219635e-05 0.16500081169183628 0.03923470061415016 0.2116110316740314 0.00047260421611737823 1.0833316346855875e-06 6.473537052371768e-06 1.925012049764406e-20
23 [1.000759564709958836539 +/- 7.73e-22] + [0.000257790109597188680 +/- 5.65e-22]j 6.708207805832881e-05 0.16500070365758876 0.03922952502992613 0.21160475888845426 0.00047254305749544126 1.0831906440107124e-06 6.472672717058839e-06 1.9257778366623288e-20
24 [1.000759065015452511155 +/- 9.82e-22] + [0.000258943935892034492 +/- 8.50e-22]j 6.707705097130555e-05 0.16500059464238437 0.0392243500652935 0.2115984862875043 0.00047248190589053627 1.0830496678669375e-06 6.4718084481876015e-06 1.926543795941656e-20
25 [1.000758564211900374948 +/- 9.64e-22] + [0.000260096569055994696 +/- 6.19e-22]j 6.707195928002864e-05 0.16500048464000086 0.03921917572029677 0.21159221380144813 0.00047242076130329556 1.0829087063137864e-06 6.470944245522327e-06 1.927309926377007e-20
26 [1.000758062244942485883 +/- 6.19e-22] + [0.000261248049887969284 +/- 9.00e-22]j 6.706677932491654e-05 0.16500037364429007 0.039214001994978924 0.21158594135628955 0.00047235962373433344 1.0827677594082793e-06 6.470080108830998e-06 1.928076231642497e-20
27 [1.000757559054572002940 +/- 6.55e-22] + [0.000262398421146602115 +/- 5.29e-22]j 6.706148830499834e-05 0.16500026164970874 0.03920882888938109 0.21157966887499607 0.00047229849318424226 1.0826268272044994e-06 6.469216037906525e-06 1.9288427114695594e-20
28 [1.000757054575729709773 +/- 6.10e-22] + [0.000263547727113193347 +/- 6.70e-22]j 6.705606450663613e-05 0.16500014865197793 0.03920365640354225 0.2115733962788923 0.000472237369653589 1.0824859097531538e-06 6.468352032593076e-06 1.9296093724544306e-20
29 [1.000756548738947233659 +/- 6.45e-22] + [0.000264696013139979353 +/- 8.84e-22]j 6.70504875213588e-05 0.1650000346490021 0.03919848453749892 0.21156712348934936 0.0004721762531429114 1.0823450071011301e-06 6.467488092822779e-06 1.9303762152891737e-20
30 [1.000756041471032765096 +/- 6.07e-22] + [0.000265843325188130606 +/- 8.66e-22]j 6.704473845064611e-05 0.1649999196420768 0.03919331329128488 0.21156085042979317 0.0004721151436527151 1.082204119291049e-06 6.466624218663916e-06 1.93114323869468e-20
31 [1.000755532695792674112 +/- 8.72e-22] + [0.000266989709359917013 +/- 7.41e-22]j 6.703880009564427e-05 0.16499980363758746 0.039188142664930946 0.2115545770282346 0.00047205404118347055 1.0820632463608221e-06 6.465760410388718e-06 1.93191044924117e-20
32 [1.000755022334782073645 +/- 8.86e-22] + [0.000268135211429546321 +/- 5.61e-22]j 6.703265712995348e-05 0.16499968664944153 0.03918297265846473 0.21154830322056598 0.00047199294573561034 1.0819223883432149e-06 6.464896668570413e-06 1.9326778476021397e-20
33 [1.00075451030807710155 +/- 3.10e-21] + [0.000269279876377193986 +/- 9.10e-22]j 6.702629625380358e-05 0.16499956870266025 0.03917780327191046 0.21154202895505916 0.00047193185730952717 1.081781545265426e-06 6.464032994226525e-06 1.9334454383749457e-20
34 [1.000753996535061483644 +/- 5.74e-22] + [0.000270423747930712150 +/- 6.43e-22]j 6.701970632812385e-05 0.1649994498388485 0.039172634505288816 0.21153575419880447 0.0004718707759055716 1.0816407171486991e-06 6.463169389037101e-06 1.9342132173223118e-20
35 [1.00075348093521980268 +/- 1.12e-21] + [0.000271566868119431388 +/- 5.50e-22]j 6.701287848721444e-05 0.16499933012479504 0.0391674663586168 0.21152947894738441 0.00047180970152405094 1.081499904007959e-06 6.462305855687791e-06 1.9349811929671666e-20
36 [1.00075296342892983345 +/- 4.94e-21] + [0.000272709276844352400 +/- 6.58e-22]j 6.700580622893969e-05 0.16499920966640944 0.03916229883190766 0.21152320324006818 0.0004717486341652279 1.0813591058514872e-06 6.46144239842585e-06 1.9357493689261382e-20
37 [1.00075244393824631341 +/- 1.07e-21] + [0.000273851011468866987 +/- 5.53e-22]j 6.699848548158405e-05 0.16499908863194723 0.03915713192517079 0.21151692718462511 0.00047168757382932004 1.0812183226806593e-06 6.460579023986582e-06 1.9365177370476207e-20
38 [1.000751922387668600403 +/- 6.19e-22] + [0.000274992106433949891 +/- 6.64e-22]j 6.699091464673791e-05 0.16499896729147376 0.0391519656384118 0.21151065099897418 0.0004716265205164996 1.0810775544897686e-06 6.459715743167504e-06 1.9372863097894432e-20
39 [1.000751398704884824603 +/- 8.67e-22] + [0.000276132592901527418 +/- 7.80e-22]j 6.698309461781264e-05 0.16499884608377305 0.039146799971632444 0.21150437508130696 0.00047156547422689377 1.0809368012659197e-06 6.458852573496995e-06 1.9380550898045028e-20
40 [1.00075087282148536778 +/- 2.95e-21] + [0.000277272498429457363 +/- 9.08e-22]j 6.697502877401655e-05 0.16499872572340382 0.03914163492483075 0.21149810012187703 0.00047150443496058543 1.0807960629890016e-06 6.457989543503509e-06 1.938824067987501e-20
41 [1.000750344673638798706 +/- 6.99e-22] + [0.000278411846681250328 +/- 6.62e-22]j 6.696672294985824e-05 0.16499860733749738 0.039136470498001084 0.2114918272456367 0.0004714434027176143 1.0806553396317601e-06 6.45712669816853e-06 1.9395932528983133e-20
42 [1.000749814202723754851 +/- 6.14e-22] + [0.000279550657173327906 +/- 8.04e-22]j 6.695818538047484e-05 0.1649984925085583 0.039131306691134314 0.21148555805713426 0.00047138237749797863 1.080514631159976e-06 6.45626410062376e-06 1.9403626501645658e-20
43 [1.000749281355910684991 +/- 8.77e-22] + [0.00028068894506225169 +/- 3.09e-21]j 6.694942662331149e-05 0.16499838287600896 0.03912614350421799 0.2114792942268251 0.00047132135930163746 1.0803739375327457e-06 6.455401816238821e-06 1.941132249741915e-20
44 [1.000748746086687850008 +/- 6.53e-22] + [0.000281826720973972136 +/- 6.84e-22]j 6.69404594569011e-05 0.16499827914182916 0.03912098093723654 0.21147303645811086 0.00047126034812851303 1.0802332587028724e-06 6.454539872945469e-06 1.9419020621887557e-20
45 [1.000748208355326516163 +/- 6.09e-22] + [0.00028296399087674154 +/- 9.83e-22]j 6.693129875770895e-05 0.1649981804720303 0.039115818990171546 0.2114667838656569 0.0004711993439784938 1.0800925946173664e-06 6.453678237384819e-06 1.942672086314925e-20
46 [1.000747668129280860627 +/- 7.22e-22] + [0.000284100755998915004 +/- 6.14e-22]j 6.692196135621308e-05 0.1649980851818387 0.039110657663002 0.21146053468757248 0.0004711383468514378 1.07995194521803e-06 6.45281684227897e-06 1.943442321928016e-20
47 [1.000747125383518737876 +/- 8.68e-22] + [0.000285237012792430792 +/- 8.17e-22]j 6.691246587358785e-05 0.16499799170198132 0.03910549695570466 0.211454287289591 0.00047107735674717626 1.0798113104421514e-06 6.4519556249921544e-06 1.9442127668942237e-20
48 [1.000746580100780121378 +/- 8.44e-22] + [0.000286372752942321672 +/- 6.15e-22]j 6.690283254054129e-05 0.16499789892665895 0.03910033686825434 0.21144804052665767 0.00047101637366551795 1.079670690223271e-06 6.451094541404066e-06 1.9449834269358785e-20
49 [1.000746032271760731543 +/- 8.94e-22] + [0.00028750796342216547 +/- 1.11e-21]j 6.689308300002725e-05 0.1649978061532283 0.03909517740062433 0.21144179368017876 0.000470955397606253 1.0795300844920208e-06 6.450233563492442e-06 1.9457542950580545e-20
50 [1.000745481895219081421 +/- 5.98e-22] + [0.000288642626594940649 +/- 6.61e-22]j 6.688324009570875e-05 0.16499771294563698 0.03909001855278669 0.21143554631597244 0.00047089442856915767 1.0793894931770114e-06 6.449372673877804e-06 1.9465253779987835e-20
51 [1.00074492897800590915 +/- 9.73e-22] + [0.000289776720358315444 +/- 8.92e-22]j 6.687332764818734e-05 0.16499761903089225 0.03908486032471275 0.21142929817647627 0.0004708334665539989 1.079248916205756e-06 6.448511861689312e-06 1.9472966688024246e-20
52 [1.00074437353501571363 +/- 4.00e-21] + [0.000290910218332971146 +/- 5.68e-22]j 6.686337022113511e-05 0.16499752423495892 0.03907970271637343 0.21142304911385898 0.00047077251156053937 1.0791083535056108e-06 6.447651120005466e-06 1.9480681713051305e-20
53 [1.000743815589060860135 +/- 9.12e-22] + [0.000292043090092145717 +/- 6.18e-22]j 6.68533928795685e-05 0.16499742844505 0.03907454572773968 0.21141679905049132 0.0004707115635885417 1.078967805004717e-06 6.446790444348614e-06 1.9488398844642575e-20
54 [1.000743255170669468147 +/- 6.70e-22] + [0.000293175301430186905 +/- 5.66e-22]j 6.684342094258698e-05 0.16499733158745164 0.03906938935878291 0.2114105479554962 0.00047065062263777394 1.0788272706329227e-06 6.445929831799674e-06 1.9496118023609092e-20
55 [1.000742692317809027962 +/- 7.08e-22] + [0.000294306814667528383 +/- 8.30e-22]j 6.683347973296196e-05 0.1649972336142229 0.03906423360947534 0.21140429583046189 0.00047058968870801395 1.0786867503226708e-06 6.445069280467144e-06 1.9503839288827078e-20
56 [1.000742127075538407612 +/- 8.49e-22] + [0.000295437588989151646 +/- 8.94e-22]j 6.68235943260043e-05 0.16499713449499515 0.03905907847979045 0.21139804270040052 0.0004705287617990541 1.0785462440098374e-06 6.444208789159685e-06 1.951156262059439e-20
57 [1.000741559495591601527 +/- 6.00e-22] + [0.000296567580813273934 +/- 7.65e-22]j 6.681378930015843e-05 0.16499703421175757 0.0390539239697033 0.21139178860776 0.00047046784191070594 1.0784057516345038e-06 6.443348357177926e-06 1.9519287950442074e-20
58 [1.000740989635897229604 +/- 8.48e-22] + [0.000297696744186711362 +/- 8.95e-22]j 6.680408849177082e-05 0.16499693275543478 0.03904877007919097 0.2113855336082551 0.00047040692904280426 1.0782652731416538e-06 6.442487984177814e-06 1.9527015307900093e-20
59 [1.000740417560038414175 +/- 5.73e-22] + [0.00029882503120310957 +/- 2.14e-21]j 6.679451475645595e-05 0.1649968301235655 0.03904361680823283 0.21137927776780546 0.00047034602319521134 1.0781248084817867e-06 6.4416276700779364e-06 1.95347446834745e-20
60 [1.000739843336658236528 +/- 7.24e-22] + [0.000299952392440013952 +/- 9.44e-22]j 6.67850897394393e-05 0.1649967263186755 0.03903846415681089 0.21137302116016435 0.00047028512436782065 1.0779843576114375e-06 6.440767414994562e-06 1.954247601887747e-20
61 [1.000739267038816498773 +/- 7.01e-22] + [0.000301078777410570193 +/- 5.97e-22]j 6.677583365718771e-05 0.1649966213470943 0.03903331212491012 0.2113667638649842 0.0004702242325605601 1.0778439204935993e-06 6.439907219194423e-06 1.9550209285277365e-20
62 [1.000738688743303985776 +/- 8.27e-22] + [0.00030220413502550485 +/- 5.05e-21]j 6.676676509255037e-05 0.16499651521807257 0.03902816071251863 0.21136050596617853 0.0004701633477733955 1.077703497098049e-06 6.439047083059519e-06 1.9557944512597003e-20
63 [1.000738108529920831205 +/- 9.36e-22] + [0.000303328414060936812 +/- 5.73e-22]j 6.675790080552202e-05 0.16499640794309317 0.03902300991962797 0.21135424755047438 0.00047010247000633276 1.0775630874015723e-06 6.43818700705966e-06 1.9565681623253553e-20
